52581 1.364251
52586 0.957947
52612 1.015104
52618 1.219780
52620 1.117800
52638 1.468174
52640 0.905931
52648 1.329141
52651 0.820627
52664 2.470530
52669 1.008766
52675 0.835363
52679 1.198493
52691 1.041875
52700 1.553777
52704 0.969169
52722 0.623998
52728 0.887056
52731 1.119796
52737 2.276098
52752 1.410463
52760 1.199187
52766 1.575618
52779 1.208782
52785 1.042130
52798 1.389370
52940 0.909087
52961 1.955421
52975 1.184670
52988 1.231577
52997 1.058370
53001 0.918119
53005 1.520600
53016 1.587662
53019 1.125187
53021 1.109486
53047 1.552612
53049 1.969435
53064 0.874109
53076 0.889644
53082 0.797198
53092 1.287229
53108 0.822698
53112 1.397737
53122 1.303363
53137 1.011588
53741 0.997256
54116 0.679474
54122 1.292401
55179 1.405766
57539 0.955507
57801 1.039131
58281 0.276637
58430 1.257288
58431 1.045793
58432 1.144969
58433 1.377676
58463 0.706588
58521 0.694212
58522 0.128314
58555 1.749304
