20021103 1.364251
20021108 0.957947
20021204 1.015104
20021210 1.219780
20021212 1.117800
20021230 1.468174
20030101 0.905931
20030109 1.329141
20030112 0.820627
20030125 2.470530
20030130 1.008766
20030205 0.835363
20030209 1.198493
20030221 1.041875
20030302 1.553777
20030306 0.969169
20030324 0.623998
20030330 0.887056
20030402 1.119796
20030408 2.276098
20030423 1.410463
20030501 1.199187
20030507 1.575618
20030520 1.208782
20030526 1.042130
20030608 1.389370
20031028 0.909087
20031118 1.955421
20031202 1.184670
20031215 1.231577
20031224 1.058370
20031228 0.918119
20040101 1.520600
20040112 1.587662
20040115 1.125187
20040117 1.109486
20040212 1.552612
20040214 1.969435
20040229 0.874109
20040312 0.889644
20040318 0.797198
20040328 1.287229
20040413 0.822698
20040417 1.397737
20040427 1.303363
20040512 1.011588
20060106 0.997256
20070116 0.679474
20070122 1.292401
20091214 1.405766
20160531 0.955507
20170217 1.039131
20180612 0.276637
20181108 1.257288
20181109 1.045793
20181110 1.144969
20181111 1.377676
20181211 0.706588
20190207 0.694212
20190208 0.128314
20190313 1.749304
